10 15 10
78.0 97.0 0.0 44.0 52.0 6.0 58.0 14.0 41.0 53.0 99.0 94.0 27.0 5.0 77.0 
42.0 93.0 14.0 96.0 48.0 88.0 4.0 13.0 18.0 88.0 17.0 93.0 27.0 58.0 87.0 
82.0 55.0 22.0 31.0 95.0 51.0 66.0 57.0 61.0 38.0 50.0 51.0 70.0 81.0 45.0 
61.0 37.0 16.0 11.0 53.0 21.0 40.0 19.0 36.0 55.0 71.0 11.0 54.0 50.0 25.0 
20.0 84.0 82.0 23.0 29.0 97.0 52.0 70.0 22.0 69.0 76.0 43.0 91.0 52.0 83.0 
89.0 49.0 95.0 17.0 73.0 40.0 4.0 28.0 96.0 67.0 11.0 57.0 48.0 92.0 42.0 
59.0 18.0 29.0 35.0 97.0 97.0 39.0 87.0 38.0 52.0 75.0 34.0 5.0 74.0 10.0 
32.0 74.0 46.0 80.0 70.0 21.0 69.0 99.0 96.0 99.0 82.0 61.0 8.0 91.0 7.0 
67.0 91.0 66.0 55.0 67.0 30.0 35.0 94.0 62.0 66.0 66.0 89.0 2.0 29.0 31.0 
43.0 19.0 7.0 31.0 86.0 75.0 58.0 63.0 18.0 79.0 51.0 19.0 9.0 58.0 29.0 
43.0 0.0 44.0 52.0 16.0 39.0 63.0 96.0 34.0 30.0 
79.0 83.0 57.0 12.0 27.0 30.0 40.0 61.0 71.0 40.0 
77.0 64.0 38.0 68.0 25.0 72.0 53.0 84.0 21.0 6.0 
25.0 76.0 12.0 17.0 28.0 85.0 79.0 79.0 97.0 97.0 
77.0 60.0 48.0 44.0 12.0 86.0 2.0 75.0 47.0 5.0 
12.0 16.0 55.0 45.0 43.0 0.0 4.0 0.0 31.0 37.0 
0.0 72.0 76.0 32.0 55.0 12.0 14.0 11.0 16.0 59.0 
59.0 45.0 96.0 37.0 97.0 21.0 46.0 92.0 96.0 77.0 
64.0 77.0 60.0 0.0 77.0 62.0 87.0 18.0 97.0 37.0 
69.0 44.0 86.0 2.0 65.0 64.0 70.0 53.0 2.0 4.0 
20.0 57.0 11.0 55.0 50.0 73.0 0.0 98.0 25.0 85.0 
67.0 92.0 35.0 43.0 99.0 6.0 18.0 81.0 38.0 32.0 
29.0 6.0 92.0 77.0 36.0 85.0 36.0 34.0 19.0 76.0 
87.0 89.0 98.0 53.0 2.0 57.0 42.0 82.0 97.0 51.0 
11.0 79.0 21.0 9.0 31.0 77.0 81.0 32.0 78.0 67.0 