10 10
33643.0 45887.0 34055.0 23530.0 34756.0 37388.0 30242.0 47362.0 35843.0 36088.0 
38731.0 48052.0 39614.0 23611.0 33010.0 38892.0 35649.0 45950.0 42739.0 35387.0 
42145.0 47257.0 50390.0 32750.0 35500.0 43428.0 33373.0 51224.0 44614.0 39201.0 
26954.0 29182.0 32545.0 21672.0 22070.0 31379.0 21913.0 34637.0 25331.0 25606.0 
40558.0 48903.0 51265.0 34587.0 39640.0 44423.0 34878.0 49934.0 41572.0 42930.0 
47855.0 46012.0 47171.0 30281.0 32284.0 44083.0 38657.0 50445.0 42571.0 28819.0 
37324.0 40128.0 43140.0 29039.0 33114.0 35317.0 25525.0 47773.0 38840.0 33034.0 
51175.0 59859.0 54709.0 29769.0 45694.0 47553.0 40535.0 60797.0 53020.0 43365.0 
46319.0 51877.0 44767.0 28454.0 42122.0 40556.0 36189.0 57659.0 45570.0 36853.0 
30425.0 34776.0 38543.0 22621.0 28093.0 31114.0 23018.0 38246.0 31268.0 28087.0 
